Time Stellar_Mass Accretion_Rate Stellar_Radius Polytropic_Index Deuterium_Mass Intrinsic_Lum Total_Luminosity Stage Stellar_Temperature
0.0004349907093695338 0.00100025659865678 8.695670430205528e-06 0.0 0.0 0.0 0.0 0.0 0 nan
0.0008699814187390676 0.004782792447948051 8.695670430205528e-06 0.0 0.0 0.0 0.0 0.0 0 nan
0.0013049721281086014 0.008565328296233493 8.695670430205528e-06 0.0 0.0 0.0 0.0 0.0 0 nan
0.0017399628374781353 0.01234786414602768 8.695670430205528e-06 0.0 0.0 0.0 0.0 0.0 0 nan
0.002174953546847669 0.016130399995821866 8.695670430205528e-06 0.0 0.0 0.0 0.0 0.0 0 nan
0.0026099442562172027 0.019912935845616053 8.695670430205528e-06 0.0 0.0 0.0 0.0 0.0 0 nan
0.0030449349655867364 0.023695471690381092 8.695670430205528e-06 0.0 0.0 0.0 0.0 0.0 0 nan
0.0034799256755900323 0.027478007540175278 8.695670430205528e-06 0.0 0.0 0.0 0.0 0.0 0 nan
0.003914916384642685 0.03126054338996947 8.695670430205528e-06 0.0 0.0 0.0 0.0 0.0 0 nan
0.004349907093695338 0.03504307923976365 8.695670430205528e-06 0.0 0.0 0.0 0.0 0.0 0 nan
0.004784897802747991 0.03882561508955784 8.695670430205528e-06 0.0 0.0 0.0 0.0 0.0 0 nan
0.005219888511800644 0.042608150939352024 8.695670430205528e-06 0.0 0.0 0.0 0.0 0.0 0 nan
0.005654879220853296 0.04639068678411707 8.695670430205528e-06 0.0 0.0 0.0 0.0 0.0 0 nan
0.0060898699299059495 0.05017322263391125 8.695670430205528e-06 0.0 0.0 0.0 0.0 0.0 0 nan
0.0065248606421274115 0.05395575850885116 8.695670430205528e-06 0.0 0.0 0.0 0.0 0.0 0 nan
0.006959851351180065 0.05773829434858706 8.695670430205528e-06 0.0 0.0 0.0 0.0 0.0 0 nan
0.007394842060232717 0.06152083018832295 8.695670430205528e-06 0.0 0.0 0.0 0.0 0.0 0 nan
0.00782983276928537 0.06530336602805885 8.695670430205528e-06 0.0 0.0 0.0 0.0 0.0 0 nan
0.008264823478338023 0.06908590186779474 8.695670430205528e-06 0.0 0.0 0.0 0.0 0.0 0 nan
0.008699814187390676 0.07286843770753064 8.695670430205528e-06 0.0 0.0 0.0 0.0 0.0 0 nan
0.009134804896443329 0.07665097359755799 8.695670430205528e-06 0.0 0.0 0.0 0.0 0.0 0 nan
0.009569795605495982 0.08043350943729388 8.695670430205528e-06 0.0 0.0 0.0 0.0 0.0 0 nan
0.010004786314548635 0.08421604527702979 8.695670430205528e-06 0.0 0.0 0.0 0.0 0.0 0 nan
0.010439777023601288 0.08799858111676567 8.695670430205528e-06 0.0 0.0 0.0 0.0 0.0 0 nan
0.010874767732653941 0.09178111695650158 8.695670430205528e-06 0.0 0.0 0.0 0.0 0.0 0 nan
0.011309758444875402 0.09556365284652892 8.695670430205528e-06 0.0 0.0 0.0 0.0 0.0 0 nan
0.011744749153928055 0.09934618868626482 8.695670430205528e-06 0.0 0.0 0.0 0.0 0.0 0 nan
0.012179739862980708 0.1031287245260007 8.695670430205528e-06 0.0 0.0 0.0 0.0 0.0 0 nan
0.012614730572033361 0.10691126036573662 8.695670430205528e-06 2.493153513008481 2.323203836 0.10691126036573662 0.4310065676593522 8.901234271159876 1 2961.918076132348
0.013049721281086014 0.11069379620547251 8.695670430205528e-06 2.5554637688658906 2.323203836 0.11069379620547251 0.45360589420062697 9.020397076802508 1 2963.2028912822557
0.013484711990138667 0.11447633204520839 8.695670430205528e-06 2.6171980149489724 2.323203836 0.11447633204520839 0.47656276201671893 9.137226146812958 1 2964.4103121231938
0.01391970269919132 0.11825886793523574 8.695670430205528e-06 2.6783689650711513 2.323203836 0.11825886793523574 0.4998662468652038 9.251915668756531 1 2965.5471369598035
0.014354693408243973 0.12204140377497164 8.695670430205528e-06 2.7389886157826653 2.323203836 0.12204140377497164 0.523505749738767 9.364639273772205 1 2966.6193890589034
0.014789684117296626 0.12582393961470753 8.695670430205528e-06 2.7990683124910163 2.323203836 0.12582393961470753 0.5474709791013584 9.475552688087774 1 2967.6324221245045
0.015224674829518087 0.12960647545444343 8.695670430205528e-06 2.8586188026448185 2.323203836 0.12960647545444343 0.5717519357366772 9.584795966562174 1 2968.5910130555317
0.01565966553857074 0.13338901129417932 8.695670430205528e-06 2.9176502903550383 2.323203836 0.13338901129417932 0.5963388999477535 9.692495402298851 1 2969.4994373978316
0.016094656247623393 0.13717154718420668 8.695670430205528e-06 2.9761724867040393 2.323203836 0.13717154718420668 0.621222419017764 9.798765154127482 1 2970.361531282078
0.016529646956676046 0.14095408302394258 8.695670430205528e-06 3.034194648555412 2.323203836 0.14095408302394258 0.6463932957157785 9.903708654649948 1 2971.1807472428854
0.0169646376657287 0.14473661886367845 8.695670430205528e-06 3.091725614489004 2.323203836 0.14473661886367845 0.671842578631139 10.007419809299897 1 2971.960202252515
0.017399628374781352 0.14851915470341437 8.695670430205528e-06 3.148773845048153 2.323203836 0.14851915470341437 0.697561553552769 10.109984051724139 1 2972.7027152772607
0.017834619083834005 0.15230169054315026 8.695670430205528e-06 3.205347447175507 2.323203836 0.15230169054315026 0.7235417348484848 10.211479255485894 1 2973.4108444576596
0.018269609792886658 0.15608422638288616 8.695670430205528e-06 3.2614542043984476 2.323203836 0.15608422638288616 0.7497748568443052 10.311976525600837 1 2974.0869147087074
0.01870460050193931 0.15986676227291352 8.695670430205528e-06 3.3171016027023144 2.323203836 0.15986676227291352 0.776252867816092 10.41154089602926 1 2974.7330443549718
0.019139591210991964 0.16364929811264942 8.695670430205528e-06 3.3722968520914187 2.323203836 0.16364929811264942 0.8029679231974923 10.510231946186 1 2975.351167857606
0.019574581920044618 0.16743183395238528 8.695670430205528e-06 3.42704690240046 2.323203836 0.16743183395238528 0.8299123782654128 10.60810432601881 1 2975.94305637273
0.02000957263226608 0.17121436979212118 8.695670430205528e-06 3.481358470605146 2.323203836 0.17121436979212118 0.8570787834378266 10.705208254963429 1 2976.5103320677326
0.020444563341318733 0.17499690563185707 8.695670430205528e-06 3.535238050884002 2.323203836 0.17499690563185707 0.884459878265413 10.801589921630095 1 2977.054485649786
0.020879554050371386 0.17877944152188444 8.695670430205528e-06 3.588691931867184 2.323203836 0.17877944152188444 0.9120485856844305 10.897291873040754 1 2977.576888255057
0.02131454475942404 0.1825619773616203 8.695670430205528e-06 3.64172620669829 2.323203836 0.1825619773616203 0.9398380086206898 10.992353343782655 1 2978.078805959995
0.02174953546847669 0.18634451320135623 8.695670430205528e-06 3.6943467945953716 2.323203836 0.18634451320135623 0.9678214229362592 11.086810559038664 1 2978.561404457359
0.02218452617752934 0.19012704904109212 8.695670430205528e-06 3.7465594408509415 2.323203836 0.19012704904109212 0.9959922748171369 11.180696990595612 1 2979.0257644829144
0.022619516886581995 0.19390958488082802 8.695670430205528e-06 3.7983697355181834 2.323203836 0.19390958488082802 1.0243441760710554 11.274043612852665 1 2979.4728862004094
0.023054507595634648 0.1976921207205639 8.695670430205528e-06 3.849783119160558 2.323203836 0.1976921207205639 1.0528708983803554 11.366879098746082 1 2979.9036968199216
0.0234894983046873 0.20147465661059125 8.695670430205528e-06 3.9008048943510136 2.323203836 0.20147465661059125 1.0815663719958204 11.459230031347964 1 2980.3190579430698
0.023924489016908763 0.20525719245032714 8.695670430205528e-06 3.9514402271093862 2.323203836 0.20525719245032714 1.1104246797283177 11.551121071055384 1 2980.719772270655
0.024359479725961416 0.20903972829006306 8.695670430205528e-06 4.001694162713814 2.323203836 0.20903972829006306 1.1394400538140022 11.6425751123302 1 2981.106585952215
0.02479447043501407 0.21282226412979896 8.695670430205528e-06 4.051571624263332 2.323203836 0.21282226412979896 1.1686068709508883 11.733613429989552 1 2981.480195465004
0.025229461144066722 0.21660479996953486 8.695670430205528e-06 4.101077428489291 2.323203836 0.21660479996953486 1.1979196522988507 11.82425579676071 1 2981.841250478941
0.025664451853119375 0.2203873358595622 8.695670430205528e-06 4.1502162843179535 2.323203836 0.2203873358595622 1.2273730579937305 11.914520619122259 1 2982.1903588627524
0.026099442562172028 0.22416987169929808 8.695670430205528e-06 4.198992795745292 2.323203836 0.22416987169929808 1.2569618834900733 12.004425039184953 1 2982.52809067337
0.02653443327122468 0.22795240753903398 8.695670430205528e-06 4.247411477648412 2.323203836 0.22795240753903398 1.2866810572100316 12.093985023510973 1 2982.8549778151914
0.026969423980277334 0.2317349433787699 8.695670430205528e-06 4.2954767457237315 2.323203836 0.2317349433787699 1.3165256368861025 12.183215459770116 1 2983.171521671091
0.027404414689329987 0.23551747921850577 8.695670430205528e-06 4.3431929308610036 2.323203836 0.23551747921850577 1.3464908064263323 12.272130240334379 1 2983.4781919147695
0.02783940539838264 0.23930001505824167 8.695670430205528e-06 4.390564283455513 2.323203836 0.23930001505824167 1.3765718735632186 12.360742330198539 1 2983.775429035491
0.028274396107435294 0.24308255094826903 8.695670430205528e-06 4.437594967658474 2.323203836 0.24308255094826903 1.4067642669801463 12.449063842737724 1 2984.063649592485
0.028709386819656756 0.24686508678800492 8.695670430205528e-06 4.48428907287624 2.323203836 0.24686508678800492 1.4370635326541277 12.537106089341693 1 2984.3432448209383
0.02914437752870941 0.2506476226277408 8.695670430205528e-06 4.530650615207705 2.323203836 0.2506476226277408 1.4674653315047024 12.624879657784744 1 2984.6145831716403
0.029579368237762062 0.2544301584674767 8.695670430205528e-06 4.576683537444301 2.323203836 0.2544301584674767 1.4979654373040754 12.712394440961338 1 2984.8780131365925
0.03001435894681471 0.2582126943072126 8.695670430205528e-06 4.622391716257008 2.323203836 0.2582126943072126 1.5285597338035528 12.799659704806688 1 2985.133863053076
0.030449349655867364 0.26199523019723997 8.695670430205528e-06 4.667778930573523 2.323203836 0.26199523019723997 1.55924421107628 12.88668419017764 1 2985.3824528418586
0.030884340364920018 0.26577776603697584 8.695670430205528e-06 4.71284893919793 2.323203836 0.26577776603697584 1.590014946185998 12.973475969174505 1 2985.6240630350494
0.031319331073972674 0.2695603018767117 8.695670430205528e-06 4.757605423314647 2.323203836 0.2695603018767117 1.620868144723093 13.060042661964474 1 2985.8589763294103
0.031754321779856515 0.27334283771644763 8.695670430205528e-06 4.802052006612046 2.323203836 0.27334283771644763 1.651800104231975 13.146391410658309 1 2986.0874561183145
0.032189312495246786 0.27712537355618355 8.695670430205528e-06 4.84619225528245 2.323203836 0.27712537355618355 1.6828072196969697 13.232528905433648 1 2986.3097518856052
0.03262430321063706 0.28090790944621086 8.695670430205528e-06 4.890029675147334 2.323203836 0.28090790944621086 1.7138859811912226 13.318461431556951 1 2986.526101486155
0.03305929392602733 0.2846904452859467 8.695670430205528e-06 4.933567720281731 2.323203836 0.2846904452859467 1.7450329723093 13.404194882445141 1 2986.7367300877313
0.03349428460972951 0.28847298112568265 8.695670430205528e-06 4.976809791576829 2.323203836 0.28847298112568265 1.7762448667711601 13.489734796238247 1 2986.941851334658
0.03392927532511978 0.29225551696541857 8.695670430205528e-06 5.019759236739975 2.323203836 0.29225551696541857 1.8075184276384535 13.575086374085686 1 2987.141669066419
0.03436426604051005 0.29603805280515444 8.695670430205528e-06 5.0624193560442725 2.323203836 0.29603805280515444 1.8388505044409615 13.660254506269593 1 2987.336376315077
0.03479925675590032 0.29982058864489036 8.695670430205528e-06 5.104793396578986 2.323203836 0.29982058864489036 1.8702380310867295 13.745243785266458 1 2987.526157992232
0.03523424747129059 0.30360312453491767 8.695670430205528e-06 5.14688456087394 2.323203836 0.30360312453491767 1.901678023772205 13.830058534482761 1 2987.711189221369
0.035669238154992775 0.3073856603746536 8.695670430205528e-06 5.1886960025873226 2.323203836 0.3073856603746536 1.933167579937304 13.914702821316615 1 2987.8916378329195
0.036104228870383046 0.3111681962143895 8.695670430205528e-06 5.230230832255283 2.323203836 0.3111681962143895 1.9647038753918495 13.999180470219438 1 2988.0676631084375
0.036539219585773317 0.3149507320541254 8.695670430205528e-06 5.271492114417134 2.323203836 0.3149507320541254 1.9962841622257055 14.083495086206897 1 2988.239417297723
0.03697421030116359 0.3187332678938613 8.695670430205528e-06 5.312482870490154 2.323203836 0.3187332678938613 2.0279057680250783 14.167650062695927 1 2988.40704589359
0.03740920101655386 0.3225158037838886 8.695670430205528e-06 5.3532060773321835 2.323203836 0.3225158037838886 2.0595660935214215 14.251648594566355 1 2988.5706884738397
0.03784419170025604 0.32629833962362453 8.695670430205528e-06 5.393664672991232 2.323203836 0.32629833962362453 2.0912626099791014 14.335493696447232 1 2988.7304773960695
0.03827918241564631 0.3300808754633604 8.695670430205528e-06 5.433861530832256 2.323203836 0.3300808754633604 2.122992859195403 14.41918826541275 1 2988.8865461479863
0.03871417313103658 0.3338634113030963 8.695670430205528e-06 5.473799521345407 2.323203836 0.3338634113030963 2.154754431556949 14.502734926854755 1 2989.0390057255595
0.03914916384642685 0.3376459471428322 8.695670430205528e-06 5.513481460399598 2.323203836 0.3376459471428322 2.186545014106583 14.586136225182864 1 2989.1879770201526
0.039584154561817124 0.3414284829825681 8.695670430205528e-06 5.552910129366106 2.323203836 0.3414284829825681 2.2183623469174503 14.669394540229888 1 2989.333570807386
0.040019145277207395 0.3452110188725954 8.695670430205528e-06 5.592088266494179 2.323203836 0.3452110188725954 2.2502042335423202 14.752512131661442 1 2989.4758948307995
0.040454135960909576 0.34899355471233134 8.695670430205528e-06 5.6310185784102345 2.323203836 0.34899355471233134 2.2820685386624873 14.835491131138976 1 2989.615050853486
0.04088912667629985 0.3527760905520672 8.695670430205528e-06 5.669703732930861 2.323203836 0.3527760905520672 2.3139531867816094 14.918333547544412 1 2989.7511370831317
0.04132411739169012 0.3565586263918032 8.695670430205528e-06 5.708146360500216 2.323203836 0.3565586263918032 2.3458561614420064 15.00104128526646 1 2989.884248381503
0.04175910810708038 0.36034116223153906 8.695670430205528e-06 5.746349058502228 2.323203836 0.36034116223153906 2.37777550261233 15.08361614681296 1 2990.014475113262
0.04219409882247065 0.3641236981215664 8.695670430205528e-06 5.784314391260601 2.323203836 0.3641236981215664 2.4097093066875654 15.166059838035528 1 2990.141903960438
0.04262908950617284 0.3679062339613023 8.695670430205528e-06 5.822044887164008 2.323203836 0.3679062339613023 2.4416557236154652 15.248373968129572 1 2990.2666185268545
0.04306408022156311 0.3716887698010382 8.695670430205528e-06 5.859543042978295 2.323203836 0.3716887698010382 2.473612956896552 15.330560073145248 1 2990.388698954417
0.04349907093695338 0.3754713056407741 8.695670430205528e-06 5.896811319534282 2.323203836 0.3754713056407741 2.5055792609717873 15.412619597701152 1 2990.5082229282343
0.04393406165234365 0.37925384148051 8.695670430205528e-06 5.933852147477361 2.323203836 0.37925384148051 2.537552940961338 15.4945539184953 1 2990.6252648001937
0.04436905236773392 0.38303637732024587 8.695670430205528e-06 5.970667928704902 2.323203836 0.38303637732024587 2.569532351097179 15.576364339080461 1 2990.739895417783
0.0448040430514361 0.38681891321027323 8.695670430205528e-06 6.007261030616646 2.323203836 0.38681891321027323 2.601515893416928 15.65805209770115 1 2990.852183811835
0.04523903376682637 0.3906014490500091 8.695670430205528e-06 6.043633788989507 2.323203836 0.3906014490500091 2.6335020167189134 15.739618372518287 1 2990.962196750094
0.04567402448221664 0.394383984889745 8.695670430205528e-06 6.07978851228978 2.323203836 0.394383984889745 2.6654892136886104 15.821064284221526 1 2991.0699974253675
0.04610901519760691 0.3981665207294809 8.695670430205528e-06 6.115727478798333 2.323203836 0.3981665207294809 2.697476024033438 15.902390893416928 1 2991.17564761726
0.046544005912997184 0.40194905656921676 8.695670430205528e-06 6.151452935173207 2.323203836 0.40194905656921676 2.7294610266457684 15.98359921368861 1 2991.27920636773
0.046978996596699366 0.4057315924592441 8.695670430205528e-06 6.186967102199224 2.323203836 0.4057315924592441 2.7614428474399166 16.064690208986416 1 2991.3807312636495
0.04741398731208964 0.4095141282989801 8.695670430205528e-06 6.22227217047578 2.323203836 0.4095141282989801 2.7934201515151518 16.145664801462907 1 2991.4802778012518
0.04784897802747991 0.41329666413871596 8.695670430205528e-06 6.2573703076038525 2.323203836 0.41329666413871596 2.8253916405433652 16.226523861024035 1 2991.5778974595587
0.04828396874287018 0.41707919997845183 8.695670430205528e-06 6.292263645249389 2.323203836 0.41707919997845183 2.857356060606061 16.307268231452458 1 2991.673643359424
0.04871895945826045 0.42086173581818775 8.695670430205528e-06 6.32695429207992 2.323203836 0.42086173581818775 2.8893121943573665 16.387898709508885 1 2991.767565472943
0.04915395017365072 0.4246442716579236 8.695670430205528e-06 6.361444330889752 2.323203836 0.4246442716579236 2.9212588557993735 16.46841606583072 1 2991.8597104275086
0.0495889408573529 0.428426807547951 8.695670430205528e-06 6.395735817162571 2.323203836 0.428426807547951 2.9531949033437828 16.54882102664577 1 2991.950125636732
0.05002393157274317 0.43220934338768685 8.695670430205528e-06 6.429830779071439 2.323203836 0.43220934338768685 2.9851192215256015 16.629114297283177 1 2992.0388549846766
0.050458922288133444 0.4359918792274228 8.695670430205528e-06 6.463731221791003 2.323203836 0.4359918792274228 3.0170307366771163 16.70929654649948 1 2992.125942201666
0.050893913003523715 0.43977441506715864 8.695670430205528e-06 6.4974391231852815 2.323203836 0.43977441506715864 3.048928403866249 16.78936842476489 1 2992.211428929064
0.051328903718913986 0.44355695090689456 8.695670430205528e-06 6.530956436682478 2.323203836 0.44355695090689456 3.080811212121213 16.869330545977014 1 2992.295355725787
0.05176389440261617 0.44733948679692187 8.695670430205528e-06 6.564285089837574 2.323203836 0.44733948679692187 3.112678184430512 16.949183508359457 1 2992.3777627164395
0.05219888511800644 0.4511220226366578 8.695670430205528e-06 6.597426991519334 2.323203836 0.4511220226366578 3.1445283672936264 17.02892788662487 1 2992.458685765171
0.05263387583339671 0.45490455847639366 8.695670430205528e-06 6.630384018973696 2.323203836 0.45490455847639366 3.1763608463949846 17.108564229362592 1 2992.538163520606
0.05306886654878698 0.4586870943161296 8.695670430205528e-06 6.663158032197787 2.323203836 0.4586870943161296 3.2081747283176596 17.188093072100315 1 2992.6162300748874
0.05350385726417725 0.4624696301558655 8.695670430205528e-06 6.695750863878109 2.323203836 0.4624696301558655 3.2399691536050157 17.267514924242427 1 2992.6929206544746
0.05393884794787943 0.46625216599560143 8.695670430205528e-06 6.728164328014949 2.323203836 0.46625216599560143 3.2717432889237203 17.346830287356322 1 2992.7682681085485
0.054373838663269704 0.4700347018856287 8.695670430205528e-06 6.760400209860572 2.323203836 0.4700347018856287 3.3034963270637414 17.426039639498434 1 2992.842305451982
0.054808829378659975 0.47381723772536466 8.695670430205528e-06 6.792460278855829 2.323203836 0.47381723772536466 3.3352274869383494 17.505143445663535 1 2992.915063258311
0.055243820094050246 0.4775997735651005 8.695670430205528e-06 6.82434628000575 2.323203836 0.4775997735651005 3.3669360135841173 17.584142155172415 1 2992.9865718435426
0.05567881080944052 0.48138230940483645 8.695670430205528e-06 6.856059935316948 2.323203836 0.48138230940483645 3.39862117816092 17.663036206896553 1 2993.0568611829976
0.0561138014931427 0.4851648452445723 8.695670430205528e-06 6.887602946672416 2.323203836 0.4851648452445723 3.430282272727273 17.74182602403344 1 2993.12595936936
0.05654879220853297 0.4889473811345997 8.695670430205528e-06 6.918976994394136 2.323203836 0.4889473811345997 3.461918618077325 17.820512021943575 1 2993.1938948914008
0.05698378292392324 0.49272991697433555 8.695670430205528e-06 6.950183740117867 2.323203836 0.49272991697433555 3.493529550679206 17.89909460031348 1 2993.2606933903844
0.05741877363931351 0.49651245281407147 8.695670430205528e-06 6.981224821043553 2.323203836 0.49651245281407147 3.5251144357366773 17.977574150992687 1 2993.3263819660315
0.05785376435470378 0.5002949886538074 8.695670430205528e-06 7.012101859997125 2.323203836 0.5002949886538074 3.556672659352142 18.05595105799373 1 2993.3909855125135
0.058288755070094046 0.504077524342669 8.695670430205528e-06 7.042816452493891 2.323203836 0.504077524342669 3.5882036233019856 18.134225692267503 1 2993.454528620362
0.058723745753796235 0.5078600603835706 8.695670430205528e-06 7.07337018254995 2.323203836 0.5078600603835706 3.6197067554858937 18.212398419540232 1 2993.5170346072023
0.059158736469186506 0.5116425964244722 8.695670430205528e-06 7.103764606870778 2.323203836 0.5116425964244722 3.6511815047021945 18.290469595088823 1 2993.5785279591273
0.05959372718457678 0.5154251319624594 8.695670430205528e-06 7.13400126778784 2.323203836 0.5154251319624594 3.682627332810868 18.36843957157785 1 2993.6390301691536
0.06002871789996704 0.5192076680033612 8.695670430205528e-06 7.16408167026017 2.323203836 0.5192076680033612 3.7140437251828637 18.446308730407527 1 2993.698566907873
0.06046370861535731 0.5229902035413484 8.695670430205528e-06 7.194007329308611 2.323203836 0.5229902035413484 3.7454301698014634 18.52407735632184 1 2993.7571540349713
0.0608986992990595 0.52677273958225 8.695670430205528e-06 7.223779734080782 2.323203836 0.52677273958225 3.7767861964472313 18.601745796760714 1 2993.8148132385213
0.061333690014449764 0.5305552756231517 8.695670430205528e-06 7.253400349288487 2.323203836 0.5305552756231517 3.808111345350053 18.67931437565308 1 2993.87156551254
0.061768680729840035 0.534337811161139 8.695670430205528e-06 7.2828706252695135 2.323203836 0.534337811161139 3.839405175026124 18.75678341170324 1 2993.927430810359
0.062203671445230306 0.5381203472020406 8.695670430205528e-06 7.312191995112836 2.323203836 0.5381203472020406 3.8706672544409613 18.834153221003138 1 2993.9824272796886
0.06263866216062058 0.5419028832429423 8.695670430205528e-06 7.341365873221217 2.323203836 0.5419028832429423 3.9018971734587256 18.911424114420065 1 2994.03657376193
0.06307365284432276 0.5456854187809296 8.695670430205528e-06 7.370393655311198 2.323203836 0.5456854187809296 3.9330945350052247 18.988596394984327 1 2994.0898884060284
0.06350864355971303 0.5494679548218312 8.695670430205528e-06 7.399276722725313 2.323203836 0.5494679548218312 3.9642589602925815 19.06567036833856 1 2994.1423889399707
0.0639436342751033 0.5532504903598184 8.695670430205528e-06 7.428016440994682 2.323203836 0.5532504903598184 3.9953900835945664 19.142646329676072 1 2994.1940921085948
0.06437862499049357 0.5570330264007202 8.695670430205528e-06 7.4566141555268075 2.323203836 0.5570330264007202 4.0264875496342745 19.219524579414838 1 2994.245014205749
0.06481361570588384 0.5608155624416218 8.695670430205528e-06 7.4850711973551824 2.323203836 0.5608155624416218 4.057551026645768 19.29630540491118 1 2994.2951724798068
0.06524860642127411 0.564598097979609 8.695670430205528e-06 7.513388884576686 2.323203836 0.564598097979609 4.088580185475444 19.372989096133754 1 2994.3445810888297
0.0656835971049763 0.5683806340205106 8.695670430205528e-06 7.54156851228978 2.323203836 0.5683806340205106 4.119574715256008 19.4495759430512 1 2994.3932561591687
0.06611858782036657 0.5721631695584979 8.695670430205528e-06 7.569611368405923 2.323203836 0.5721631695584979 4.150534323406479 19.526066225182866 1 2994.4412127171195
0.06655357853575684 0.5759457055993996 8.695670430205528e-06 7.59751871927555 2.323203836 0.5759457055993996 4.181458722570533 19.602460229885057 1 2994.4884652954365
0.06698856925114711 0.5797282416403012 8.695670430205528e-06 7.625291818312491 2.323203836 0.5797282416403012 4.212347638453501 19.67875823145246 1 2994.5350277734256
0.06742355996653737 0.5835107771782885 8.695670430205528e-06 7.652931903119161 2.323203836 0.5835107771782885 4.243200809822362 19.75496050940439 1 2994.580914052408
0.06785855065023956 0.5872933132191902 8.695670430205528e-06 7.680440198361363 2.323203836 0.5872933132191902 4.274017991118078 19.83106734064786 1 2994.626138049916
0.06829354136562983 0.5910758492600918 8.695670430205528e-06 7.707817911456088 2.323203836 0.5910758492600918 4.30479893939394 19.907078999477534 1 2994.6707123511583
0.0687285320810201 0.5948583847980791 8.695670430205528e-06 7.735066239758517 2.323203836 0.5948583847980791 4.335543429989551 19.98299576018809 1 2994.7146496709165
0.06916352279641037 0.5986409208389808 8.695670430205528e-06 7.762186360500216 2.323203836 0.5986409208389808 4.366251243469175 20.0588178892372 1 2994.7579626230936
0.06959851351180064 0.602423456376968 8.695670430205528e-06 7.789179442288343 2.323203836 0.602423456376968 4.3969221760710555 20.134545660919542 1 2994.800663398518
0.07003350419550283 0.6062059924178697 8.695670430205528e-06 7.816046636481242 2.323203836 0.6062059924178697 4.427556031870429 20.21017934169279 1 2994.842764171763
0.07046849491089309 0.6099885284587713 8.695670430205528e-06 7.842789082938048 2.323203836 0.6099885284587713 4.45815262277952 20.28571920062696 1 2994.884276096476
0.07090348562628336 0.6137710639967585 8.695670430205528e-06 7.869407905706483 2.323203836 0.6137710639967585 4.488711771159875 20.36116550417973 1 2994.9252106684485
0.07133847634167363 0.6175536000376602 8.695670430205528e-06 7.8959042187724595 2.323203836 0.6175536000376602 4.5192333072100315 20.43651851880878 1 2994.96557827553
0.0717734670570639 0.6213361360785619 8.695670430205528e-06 7.922279120310479 2.323203836 0.6213361360785619 4.549717076802508 20.511778505747127 1 2995.0053906760395
0.07220845774076609 0.6251186716165491 8.695670430205528e-06 7.948533695558431 2.323203836 0.6251186716165491 4.580162925809822 20.58694573145246 1 2995.0446579311047
0.07264344845615636 0.6289012076574508 8.695670430205528e-06 7.974669021129798 2.323203836 0.6289012076574508 4.610570715778475 20.662020459770115 1 2995.08339026771
0.07307843917154663 0.6326837431954381 8.695670430205528e-06 8.000686154951847 2.323203836 0.6326837431954381 4.640940308254963 20.737002951933125 1 2995.1215974845163
0.0735134298869369 0.6364662792363397 8.695670430205528e-06 8.026586147764842 2.323203836 0.6364662792363397 4.67127158045977 20.811893471786835 1 2995.1592894193136
0.07394842060232718 0.6402488152772414 8.695670430205528e-06 8.05237003449763 2.323203836 0.6402488152772414 4.701564414838036 20.886692277951934 1 2995.196475937762
0.07438341131771745 0.6440313508152287 8.695670430205528e-06 8.07803884001725 2.323203836 0.6440313508152287 4.731818699059562 20.961399631661443 1 2995.2331659417746
0.07481840200141962 0.6478138868561303 8.695670430205528e-06 8.103593576254132 2.323203836 0.6478138868561303 4.76203433124347 21.03601579676071 1 2995.2693688097797
0.07525339271680989 0.6515964223941176 8.695670430205528e-06 8.129035245076901 2.323203836 0.6515964223941176 4.792211214733543 21.110541029258098 1 2995.305093099987
0.07568838343220016 0.6553789584350193 8.695670430205528e-06 8.154364802357339 2.323203836 0.6553789584350193 4.8223492607105545 21.184975653082553 1 2995.3403536365117
0.07612337414759043 0.6591614944759209 8.695670430205528e-06 8.179583251401466 2.323203836 0.6591614944759209 4.8524483490073145 21.25931983803553 1 2995.3751483178476
0.0765583648629807 0.6629440300139081 8.695670430205528e-06 8.20469155958028 2.323203836 0.6629440300139081 4.882508432601881 21.333573874085687 1 2995.409489771582
0.07699335554668289 0.6667265660548097 8.695670430205528e-06 8.229690682765561 2.323203836 0.6667265660548097 4.9125294461859985 21.40773801985371 1 2995.4433866447807
0.07742834626207316 0.6705091020957115 8.695670430205528e-06 8.254581565329884 2.323203836 0.6705091020957115 4.94251132183908 21.481812528735635 1 2995.4768461548592
0.07786333697746343 0.6742916376336987 8.695670430205528e-06 8.279365138709213 2.323203836 0.6742916376336987 4.972454004702195 21.555797661964473 1 2995.5098768074186
0.0782983276928537 0.6780741736746003 8.695670430205528e-06 8.304042327152509 2.323203836 0.6780741736746003 5.002357442528736 21.629693678160923 1 2995.5424858136125
0.07873331840824398 0.6818567092125876 8.695670430205528e-06 8.328614043409516 2.323203836 0.6818567092125876 5.032221588296761 21.703500833333337 1 2995.574680333587
0.07916830909194615 0.6856392452534893 8.695670430205528e-06 8.353081187293373 2.323203836 0.6856392452534893 5.062046400208987 21.777219380877746 1 2995.6064677873023
0.07960329980733642 0.6894217812943909 8.695670430205528e-06 8.377444651430215 2.323203836 0.6894217812943909 5.091831846917451 21.85084958202717 1 2995.637855641937
0.0800382905227267 0.6932043168323782 8.695670430205528e-06 8.401705318384362 2.323203836 0.6932043168323782 5.121577897074191 21.92439169278997 1 2995.668850433685
0.08047328123811696 0.6969868528732799 8.695670430205528e-06 8.425864056346127 2.323203836 0.6969868528732799 5.151284521943574 21.997845966562174 1 2995.699458986385
0.08090827195350724 0.7007693884112671 8.695670430205528e-06 8.44992173063102 2.323203836 0.7007693884112671 5.18095170323929 22.071212661964474 1 2995.729687553484
0.08134326263720942 0.7045519244521687 8.695670430205528e-06 8.473879189305736 2.323203836 0.7045519244521687 5.210579427899686 22.144492032392893 1 2995.759543649747
0.0817782533525997 0.7083344604930704 8.695670430205528e-06 8.497737276124766 2.323203836 0.7083344604930704 5.240167680250784 22.2176843338558 1 2995.7890326765955
0.08221324406798997 0.7121169960310576 8.695670430205528e-06 8.521496824780797 2.323203836 0.7121169960310576 5.269716455067921 22.29078982497388 1 2995.8181608765663
0.08264823478338024 0.7158995320719593 8.695670430205528e-06 8.545158657467299 2.323203836 0.7158995320719593 5.299225749738767 22.36380875653083 1 2995.846934496099
0.08308322549877051 0.719682068112861 8.695670430205528e-06 8.568723587753343 2.323203836 0.719682068112861 5.328695566875654 22.436741384535004 1 2995.8753596947836
0.08351821621416076 0.7234646036508482 8.695670430205528e-06 8.592192420583585 2.323203836 0.7234646036508482 5.358125911703239 22.509587964994775 1 2995.903442219674
0.08395320689786295 0.7272471396917499 8.695670430205528e-06 8.615565952278281 2.323203836 0.7272471396917499 5.387516792058516 22.5823487539185 1 2995.931187453029
0.08438819761325322 0.7310296752297372 8.695670430205528e-06 8.638844969095874 2.323203836 0.7310296752297372 5.416868223615466 22.655024002089867 1 2995.9586014297556
0.0848231883286435 0.7348122112706388 8.695670430205528e-06 8.662030251545207 2.323203836 0.7348122112706388 5.446180222048068 22.727613962904915 1 2995.9856890350447
0.08525817904403377 0.7385947473115405 8.695670430205528e-06 8.685122565761104 2.323203836 0.7385947473115405 5.475452808254964 22.80011889498433 1 2996.012456265417
0.08569316975942404 0.7423772828495278 8.695670430205528e-06 8.708122676440995 2.323203836 0.7423772828495278 5.504686005747127 22.87253904911181 1 2996.0389076658707
0.08612816044312623 0.7461598188904294 8.695670430205528e-06 8.731031332470893 2.323203836 0.7461598188904294 5.533879843260188 22.944874678683387 1 2996.0650492052346
0.08656315115851648 0.7499423549313311 8.695670430205528e-06 8.753849281299411 2.323203836 0.7499423549313311 5.563034349529781 23.017126037095093 1 2996.090885125094
0.08699814187390675 0.7537248904693183 8.695670430205528e-06 8.776577257438552 2.323203836 0.7537248904693183 5.592149558516197 23.08929337774295 1 2996.1164206638628
0.08743313258929702 0.75750742651022 8.695670430205528e-06 8.79921598821331 2.323203836 0.75750742651022 5.62122550679206 23.16137695141066 1 2996.1416607458505
0.0878681233046873 0.7612899620482072 8.695670430205528e-06 8.82176619519908 2.323203836 0.7612899620482072 5.65026223615465 23.233377011494255 1 2996.166610120083
0.08830311398838948 0.7650724980891088 8.695670430205528e-06 8.844228589909445 2.323203836 0.7650724980891088 5.679259783176594 23.305293811389763 1 2996.191272742002
0.08873810470377975 0.7688550341300106 8.695670430205528e-06 8.866603876670979 2.323203836 0.7688550341300106 5.708218200104493 23.37712760449321 1 2996.2156540841434
0.08917309541917003 0.7726375696679978 8.695670430205528e-06 8.888892752623258 2.323203836 0.7726375696679978 5.737137531347964 23.44887863636364 1 2996.2397580554903
0.0896080861345603 0.7764201057088994 8.695670430205528e-06 8.911095904844043 2.323203836 0.7764201057088994 5.766017826541275 23.520547163009407 1 2996.263589247622
0.09004307684995057 0.7802026412468867 8.695670430205528e-06 8.933214016098894 2.323203836 0.7802026412468867 5.794859137931035 23.592133435214212 1 2996.2871516482865
0.09047806753365274 0.7839851772877884 8.695670430205528e-06 8.955247761966366 2.323203836 0.7839851772877884 5.823661522988506 23.66363770114943 1 2996.310449493286
0.09091305824904301 0.78776771332869 8.695670430205528e-06 8.977197806525801 2.323203836 0.78776771332869 5.852425039184953 23.73506021159875 1 2996.33348733695
0.09134804896443328 0.7915502488666772 8.695670430205528e-06 8.999064812419146 2.323203836 0.7915502488666772 5.8811497439916405 23.806401219958204 1 2996.3562684033877
0.09178303967982356 0.795332784907579 8.695670430205528e-06 9.020849429351733 2.323203836 0.795332784907579 5.9098357027168245 23.877660971786835 1 2996.3787975350992
0.09221803039521383 0.7991153209484806 8.695670430205528e-06 9.04255230415409 2.323203836 0.7991153209484806 5.9384829754440975 23.948839717868342 1 2996.401077875378
0.0926530211106041 0.8028978564864678 8.695670430205528e-06 9.064174075032343 2.323203836 0.8028978564864678 5.967091632706374 24.019937706374087 1 2996.423113842627
0.09308801179430629 0.8066803925273694 8.695670430205528e-06 9.085715374443007 2.323203836 0.8066803925273694 5.995661739811913 24.090955188087776 1 2996.4449086942773
0.09352300250969656 0.8104629280653567 8.695670430205528e-06 9.1071768276556 2.323203836 0.8104629280653567 6.024193364681297 24.161892411180776 1 2996.466465785947
0.09395799322508683 0.8142454641062584 8.695670430205528e-06 9.128559051315223 2.323203836 0.8142454641062584 6.052686583072101 24.232749618599794 1 2996.4877894748324
0.0943929839404771 0.81802800014716 8.695670430205528e-06 9.14986265775478 2.323203836 0.81802800014716 6.081141465517241 24.30352706374086 1 2996.508882806746
0.09482797465586737 0.8218105356851473 8.695670430205528e-06 9.171088210435533 2.323203836 0.8218105356851473 6.109558090386625 24.374225073145247 1 2996.529756444773
0.09526296533956954 0.825593071726049 8.695670430205528e-06 9.192236343251402 2.323203836 0.825593071726049 6.137936473354233 24.444843766980146 1 2996.5504005403172
0.09569795605495982 0.8293756077669506 8.695670430205528e-06 9.213307649849073 2.323203836 0.8293756077669506 6.166276745036573 24.515383440438875 1 2996.5708246597815
0.09613294677035009 0.8331581433049379 8.695670430205528e-06 9.234302715250827 2.323203836 0.8331581433049379 6.194578981191222 24.58584433908046 1 2996.5910317586445
0.09656793748574036 0.8369406793458396 8.695670430205528e-06 9.255222120166739 2.323203836 0.8369406793458396 6.222843268025079 24.656226705851623 1 2996.6110255199487
0.09700292820113063 0.8407232148838268 8.695670430205528e-06 9.27606643811988 2.323203836 0.8407232148838268 6.251069681295716 24.72653078631139 1 2996.6308083133567
0.09743791888483282 0.8445057509247285 8.695670430205528e-06 9.296836238321116 2.323203836 0.8445057509247285 6.279258312434692 24.79675682340648 1 2996.650383898754
0.09787290960022309 0.8482882869656302 8.695670430205528e-06 9.317532081356907 2.323203836 0.8482882869656302 6.307409242424243 24.866905062695928 1 2996.669755001108
0.09830790031561336 0.8520708225036174 8.695670430205528e-06 9.33815452350151 2.323203836 0.8520708225036174 6.335522557471266 24.936975747126436 1 2996.688924517747
0.09874289103100363 0.855853358544519 8.695670430205528e-06 9.358704116716977 2.323203836 0.855853358544519 6.363598346394984 25.006969119644722 1 2996.7078952218035
0.0991778817463939 0.8596358940825063 8.695670430205528e-06 9.379181402903551 2.323203836 0.8596358940825063 6.391636700626959 25.076885423197496 1 2996.726670698051
0.09961287243009607 0.8634184301234079 8.695670430205528e-06 9.399586923961477 2.323203836 0.8634184301234079 6.419637708986417 25.146724895506793 1 2996.7452531360213
0.10004786314548635 0.8672009661643096 8.695670430205528e-06 9.419921211729195 2.323203836 0.8672009661643096 6.4476014602925815 25.216487782131665 1 2996.763645270944
0.10048285386087662 0.8709835017022969 8.695670430205528e-06 9.440184793732932 2.323203836 0.8709835017022969 6.475528048589342 25.28617432079415 1 2996.781850087745
0.10091784457626689 0.8747660377431985 8.695670430205528e-06 9.460378193186719 2.323203836 0.8747660377431985 6.503417565308256 25.355784751828633 1 2996.7998699266195
0.10135283529165716 0.8785485737841002 8.695670430205528e-06 9.48050192755498 2.323203836 0.8785485737841002 6.531270107105539 25.42531931818182 1 2996.8177076365187
0.10178782600704743 0.8823311093220875 8.695670430205528e-06 9.500556507115137 2.323203836 0.8823311093220875 6.55908576802508 25.49477825496343 1 2996.835365911696
0.10222281669074962 0.8861136453629891 8.695670430205528e-06 9.520542440707201 2.323203836 0.8861136453629891 6.586864642110763 25.56416180250784 1 2996.8528467051983
0.10265780740613989 0.8898961809009764 8.695670430205528e-06 9.540460227109387 2.323203836 0.8898961809009764 6.614606826018809 25.633470198537097 1 2996.870152903073
0.10309279812153015 0.8936787169418781 8.695670430205528e-06 9.5603103650999 2.323203836 0.8936787169418781 6.642312421630095 25.702703678160923 1 2996.8872870448345
0.10352778883692042 0.8974612529827797 8.695670430205528e-06 9.580093343395141 2.323203836 0.8974612529827797 6.669981522988507 25.77186248171369 1 2996.904251442862
0.10396277955231069 0.901243788520767 8.695670430205528e-06 9.599809649274112 2.323203836 0.901243788520767 6.697614229362592 25.84094684169279 1 2996.9210483238503
0.10439777023601288 0.9050263245616688 8.695670430205528e-06 9.619459764266207 2.323203836 0.9050263245616688 6.725210640020899 25.909956995820274 1 2996.9376799278957
0.10483276095140315 0.908808860099656 8.695670430205528e-06 9.639044165588617 2.323203836 0.908808860099656 6.752770856844306 25.97889317920585 1 2996.954148589061
0.10526775166679342 0.9125913961405576 8.695670430205528e-06 9.658563323271526 2.323203836 0.9125913961405576 6.780294979101359 26.047755626959248 1 2996.970456614127
0.10570274238218369 0.9163739321814593 8.695670430205528e-06 9.678017704470317 2.323203836 0.9163739321814593 6.807783108672937 26.11654456896552 1 2996.986606206844
0.10613773309757396 0.9201564677194466 8.695670430205528e-06 9.697407772028173 2.323203836 0.9201564677194466 6.835235347439917 26.18526024033438 1 2997.0025994151683
0.10657272378127614 0.9239390037603482 8.695670430205528e-06 9.716733984476068 2.323203836 0.9239390037603482 6.862651797283178 26.25390287356322 1 2997.018438145903
0.1070077144966664 0.9277215398012499 8.695670430205528e-06 9.73599679172057 2.323203836 0.9277215398012499 6.890032562695925 26.32247270114943 1 2997.034125126656
0.10744270521205668 0.9315040753392372 8.695670430205528e-06 9.755196645105649 2.323203836 0.9315040753392372 6.9173777455590395 26.390969958202717 1 2997.0496617959107
0.10787769592744695 0.9352866113801388 8.695670430205528e-06 9.77433398735087 2.323203836 0.9352866113801388 6.944687447753397 26.45939485370951 1 2997.065050155156
0.10831268664283722 0.939069146918126 8.695670430205528e-06 9.793409258300992 2.323203836 0.939069146918126 6.971961776384535 26.52774764890282 1 2997.0802924570294
0.10874767732653941 0.9428516829590277 8.695670430205528e-06 9.812422893488574 2.323203836 0.9428516829590277 6.999200835945665 26.59602855276907 1 2997.095390589636
0.10918266804192968 0.9466342189999294 8.695670430205528e-06 9.831375322696566 2.323203836 0.9466342189999294 7.026404730929991 26.664237800417975 1 2997.110346591944
0.10961765875731995 0.9504167545379166 8.695670430205528e-06 9.85026697427052 2.323203836 0.9504167545379166 7.053573565830721 26.73237562695925 1 2997.1251620075054
0.11005264947271022 0.9541992905788182 8.695670430205528e-06 9.869098270806383 2.323203836 0.9541992905788182 7.080707447753396 26.800442241379315 1 2997.139838831344
0.11048764018810049 0.95798182661972 8.695670430205528e-06 9.887869629150497 2.323203836 0.95798182661972 7.107806478578892 26.86843787878788 1 2997.1543786875727
0.11092263090349076 0.9617643621577072 8.695670430205528e-06 9.9065814647118 2.323203836 0.9617643621577072 7.1348707680250785 26.936362774294675 1 2997.1687835680455
0.11135762158719294 0.9655468981986088 8.695670430205528e-06 9.925234185712233 2.323203836 0.9655468981986088 7.161900423197493 27.004217136886105 1 2997.183055606198
0.11179261230258321 0.9693294337365961 8.695670430205528e-06 9.943828201811126 2.323203836 0.9693294337365961 7.188895548589342 27.072001201671895 1 2997.197195788661
0.11222760301797348 0.9731119697774978 8.695670430205528e-06 9.962363912606008 2.323203836 0.9731119697774978 7.215856251306167 27.139715177638454 1 2997.2112062506376
0.11266259373336375 0.9768945058183994 8.695670430205528e-06 9.980841716257007 2.323203836 0.9768945058183994 7.242782638453502 27.20735929989551 1 2997.225088707117
0.11309758444875402 0.9806770413563867 8.695670430205528e-06 9.999262009486849 2.323203836 0.9806770413563867 7.269674817136886 27.27493380355277 1 2997.2388444661783
0.11353257513245621 0.9844595773972883 8.695670430205528e-06 10.01762518183125 2.323203836 0.9844595773972883 7.296532894461861 27.34243889759666 1 2997.252475302079
0.11396756584784648 0.9882421129352755 8.695670430205528e-06 10.035931619951128 2.323203836 0.9882421129352755 7.323356977533961 27.40987479101359 1 2997.2659828160877
0.11440255656323675 0.9920246489761773 8.695670430205528e-06 10.054181707632601 2.323203836 0.9920246489761773 7.350147176071055 27.477241718913273 1 2997.279368713214
0.11483754727862702 0.9958071850170789 8.695670430205528e-06 10.072375822912175 2.323203836 0.9958071850170789 7.376903594566354 27.54453989028213 1 2997.2926344391817
0.1152725379940173 0.9995897205550661 8.695670430205528e-06 10.090514343826362 2.323203836 0.9995897205550661 7.403626340125392 27.61176954022989 1 2997.305781135318
0.11570752867771947 1.0033722565959677 8.695670430205528e-06 10.108597641224666 2.323203836 1.0033722565959677 7.43031552507837 27.678930877742946 1 2997.3188109761045
0.11614251939310974 1.0071547926368696 8.695670430205528e-06 10.12662608451919 2.323203836 1.0071547926368696 7.456971253918496 27.746024111807735 1 2997.3317249999454
0.11657751010850001 1.0109373281748568 8.695670430205528e-06 10.144600038809832 2.323203836 1.0109373281748568 7.4835936337513065 27.813049477533962 1 2997.344524605281
0.11701250082389028 1.0147198642157584 8.695670430205528e-06 10.162519866321691 2.323203836 1.0147198642157584 7.510182774294671 27.88000715778475 1 2997.357211340859
0.11744749153928055 1.0185023997537457 8.695670430205528e-06 10.180385923530258 2.323203836 1.0185023997537457 7.536738782654129 27.946897413793106 1 2997.369786813479
0.11788248225467082 1.0222849357946473 8.695670430205528e-06 10.198198568348426 2.323203836 1.0222849357946473 7.5632617659352155 28.013720402298855 1 2997.3822518999364
0.11831747293837301 1.026067471835549 8.695670430205528e-06 10.215958150064683 2.323203836 1.026067471835549 7.5897518338558 28.08047638453501 1 2997.3946084946756
0.11875246365376328 1.0298500073735362 8.695670430205528e-06 10.233665017967516 2.323203836 1.0298500073735362 7.616209090909092 28.147165569487985 1 2997.40685747181
0.11918745436915355 1.0336325434144378 8.695670430205528e-06 10.251319458099756 2.323203836 1.0336325434144378 7.642633646812958 28.213788270637412 1 2997.4190089762833
0.11962244508454381 1.0374150794553396 8.695670430205528e-06 10.268921862871927 2.323203836 1.0374150794553396 7.66902552246604 28.280344514106584 1 2997.4310484032567
0.12005743579993408 1.0411976149933269 8.695670430205528e-06 10.28647257294811 2.323203836 1.0411976149933269 7.695384898119123 28.34683458725183 1 2997.4429838939545
0.12049242648363627 1.0449801510342285 8.695670430205528e-06 10.303971923242777 2.323203836 1.0449801510342285 7.721711883490074 28.413258672936262 1 2997.4548170152934
0.12092741719902654 1.0487626865722157 8.695670430205528e-06 10.321420244358201 2.323203836 1.0487626865722157 7.748006588296761 28.479617032392895 1 2997.4665494942597
0.12136240791441681 1.0525452226131173 8.695670430205528e-06 10.338817868334052 2.323203836 1.0525452226131173 7.774269114420064 28.54590984848485 1 2997.478181634074
0.12179739862980708 1.056327758654019 8.695670430205528e-06 10.356165120022998 2.323203836 1.056327758654019 7.8004995741901775 28.612137304075237 1 2997.489715343583
0.12223238934519735 1.0601102941920062 8.695670430205528e-06 10.373462324277707 2.323203836 1.0601102941920062 7.8266980747126444 28.678299660397077 1 2997.5011515823903
0.12266738002889953 1.063892830232908 8.695670430205528e-06 10.390709798763835 2.323203836 1.063892830232908 7.852864717868339 28.74439707419018 1 2997.5124914156263
0.1231023707442898 1.0676753657708953 8.695670430205528e-06 10.407907862584448 2.323203836 1.0676753657708953 7.878999615987462 28.810429754440964 1 2997.523736271932
0.12353736145968007 1.071457901811797 8.695670430205528e-06 10.425056830530401 2.323203836 1.071457901811797 7.905102870950889 28.876397936259146 1 2997.534886783403
0.12397235217507034 1.0752404378526985 8.695670430205528e-06 10.442157013080351 2.323203836 1.0752404378526985 7.93117459247649 28.94230182863114 1 2997.5459445337806
0.12440734289046061 1.0790229733906858 8.695670430205528e-06 10.459208720712951 2.323203836 1.0790229733906858 7.957214887669802 29.008141588296763 1 2997.556910448087
0.1248423335741628 1.0828055094315874 8.695670430205528e-06 10.476212256719851 2.323203836 1.0828055094315874 7.983223858411704 29.073917424242424 1 2997.5677855884373
0.12527732428955307 1.086588045472489 8.695670430205528e-06 10.4931679258301 2.323203836 1.086588045472489 8.009201611807734 29.139629597701152 1 2997.5785709080947
0.12571231500494334 1.0903705810104762 8.695670430205528e-06 10.510076028460544 2.323203836 1.0903705810104762 8.035148254963428 29.20527823928945 1 2997.5892675862115
0.1261473057203336 1.094153117051378 8.695670430205528e-06 10.526936862153228 2.323203836 1.094153117051378 8.061063892371997 29.270863584117034 1 2997.5998765836403
0.12658229643572388 1.0979356525893653 8.695670430205528e-06 10.543750723012794 2.323203836 1.0979356525893653 8.086948631138977 29.336385815047024 1 2997.6103989314915
0.12701728715111416 1.101718188630267 8.695670430205528e-06 10.56051790139428 2.323203836 1.101718188630267 8.112802573145245 29.401845141065834 1 2997.6208356216453
0.12745227783481633 1.1055007246711686 8.695670430205528e-06 10.577238687652724 2.323203836 1.1055007246711686 8.138625825496343 29.46724177115988 1 2997.6311877631956
0.1278872685502066 1.1092832602091558 8.695670430205528e-06 10.593913369268364 2.323203836 1.1092832602091558 8.164418492685476 29.53257588819227 1 2997.641456269798
0.12832225926559687 1.1130657962500574 8.695670430205528e-06 10.61054223084663 2.323203836 1.1130657962500574 8.190180676593522 29.597847675026127 1 2997.651641867768
0.12875724998098714 1.1168483322909593 8.695670430205528e-06 10.627125554118155 2.323203836 1.1168483322909593 8.21591248432602 29.663057366771163 1 2997.661745818829
0.12919224069637741 1.1206308678289465 8.695670430205528e-06 10.643663619376168 2.323203836 1.1206308678289465 8.241614020376176 29.72820509404389 1 2997.671769001636
0.1296272313800796 1.1244134038698481 8.695670430205528e-06 10.660156702601697 2.323203836 1.1244134038698481 8.26728538401254 29.793291118077327 1 2997.681712088422
0.13006222209546986 1.1281959394078354 8.695670430205528e-06 10.676605079775767 2.323203836 1.1281959394078354 8.29292667972832 29.858315595611288 1 2997.6915758934806
0.13049721281086013 1.131978475448737 8.695670430205528e-06 10.693009021129798 2.323203836 1.131978475448737 8.31853801462905 29.923278735632188 1 2997.701361943208
0.1309322035262504 1.1357610114896386 8.695670430205528e-06 10.709368798332616 2.323203836 1.1357610114896386 8.344119487983281 29.988180721003136 1 2997.711070528637
0.13136719424164067 1.1395435470276258 8.695670430205528e-06 10.725684677303436 2.323203836 1.1395435470276258 8.369671201671892 30.05302173458725 1 2997.720702664328
0.13180218492534287 1.1433260830685275 8.695670430205528e-06 10.741956922524077 2.323203836 1.1433260830685275 8.395193260188089 30.11780195924765 1 2997.730259483368
0.13223717564073315 1.1471086186065147 8.695670430205528e-06 10.758185799913756 2.323203836 1.1471086186065147 8.420685762800419 30.182521630094044 1 2997.7397411406228
0.13267216635612342 1.1508911546474165 8.695670430205528e-06 10.774371566767286 2.323203836 1.1508911546474165 8.446148814002091 30.24718087774295 1 2997.749149154386
0.1331071570715137 1.1546736906883182 8.695670430205528e-06 10.790514481816876 2.323203836 1.1546736906883182 8.471582513061652 30.311779937304077 1 2997.758484074399
0.13354214778690396 1.1584562262263054 8.695670430205528e-06 10.806614800919938 2.323203836 1.1584562262263054 8.49698696447231 30.376318965517246 1 2997.767747016018
0.13397713847060613 1.162238762267207 8.695670430205528e-06 10.82267277993388 2.323203836 1.162238762267207 8.522362262277953 30.44079817136886 1 2997.7769378797116
0.1344121291859964 1.1660212983081086 8.695670430205528e-06 10.838688667529109 2.323203836 1.1660212983081086 8.547708513584118 30.505217711598746 1 2997.7860584257646
0.13484711990138668 1.1698038338460959 8.695670430205528e-06 10.854662715250827 2.323203836 1.1698038338460959 8.573025815047023 30.569577795193315 1 2997.795108810845
0.13528211061677695 1.1735863698869977 8.695670430205528e-06 10.870595167457237 2.323203836 1.1735863698869977 8.598314268547545 30.633878605015678 1 2997.804090363564
0.13571710133216722 1.177368905424985 8.695670430205528e-06 10.886486272818745 2.323203836 1.177368905424985 8.623573970741901 30.698120323928947 1 2997.813003084551
0.1361520920475575 1.1811514414658866 8.695670430205528e-06 10.902336271381342 2.323203836 1.1811514414658866 8.648805023510972 30.76230310867294 1 2997.82184834684
0.13658708273125966 1.1849339775067882 8.695670430205528e-06 10.918145404628433 2.323203836 1.1849339775067882 8.674007526123303 30.826427168234066 1 2997.830626827385
0.13702207344664993 1.1887165130447754 8.695670430205528e-06 10.933913912606009 2.323203836 1.1887165130447754 8.69918157262278 30.890492685475447 1 2997.8393386860093
0.1374570641620402 1.192499049085677 8.695670430205528e-06 10.949642031047865 2.323203836 1.192499049085677 8.724327264890283 30.95449984326019 1 2997.8479850911135
0.13789205487743048 1.1962815846236643 8.695670430205528e-06 10.965329994250396 2.323203836 1.1962815846236643 8.749444702194358 31.018448798328112 1 2997.8565669226246
0.13832704559282075 1.200064120664566 8.695670430205528e-06 10.980978035072589 2.323203836 1.200064120664566 8.774533978578893 31.08233973354232 1 2997.865084555607
0.13876203627652292 1.2038466567054678 8.695670430205528e-06 10.996586386373437 2.323203836 1.2038466567054678 8.799595193312436 31.146172831765938 1 2997.8735385640794
0.1391970269919132 1.207629192243455 8.695670430205528e-06 11.012155273824925 2.323203836 1.207629192243455 8.824628440438874 31.209948301985374 1 2997.8819298101585
0.13963201770730346 1.2114117282843566 8.695670430205528e-06 11.027684927411242 2.323203836 1.2114117282843566 8.849633821839081 31.27366627481714 1 2997.890258991228
0.14006700842269373 1.2151942643252582 8.695670430205528e-06 11.043175569929568 2.323203836 1.2151942643252582 8.874611428944618 31.337326933124352 1 2997.898526655771
0.140501999138084 1.2189767998632455 8.695670430205528e-06 11.058627425614489 2.323203836 1.2189767998632455 8.899561361024034 31.40093048589342 1 2997.9067335844084
0.14093698982178618 1.222759335904147 8.695670430205528e-06 11.074040714388387 2.323203836 1.222759335904147 8.924483709508882 31.46447706374086 1 2997.9148802483164
0.14137198053717645 1.2265418714421343 8.695670430205528e-06 11.08941565761104 2.323203836 1.2265418714421343 8.949378573667712 31.52796687565309 1 2997.9229673541477
0.14180697125256672 1.230324407483036 8.695670430205528e-06 11.104752472330027 2.323203836 1.230324407483036 8.97424604754441 31.591400078369908 1 2997.9309955257145
0.142241961967957 1.2341069435239378 8.695670430205528e-06 11.120051372718127 2.323203836 1.2341069435239378 8.999086222570535 31.65477685475444 1 2997.9389653340145
0.14267695268334726 1.237889479061925 8.695670430205528e-06 11.135312574385512 2.323203836 1.237889479061925 9.0238991954023 31.7180973615465 1 2997.946877372059
0.14311194336704947 1.2416720151028267 8.695670430205528e-06 11.150536288630157 2.323203836 1.2416720151028267 9.048685060083596 31.781361781609196 1 2997.9547323780325
0.14354693408243974 1.2454545511437283 8.695670430205528e-06 11.165722726750037 2.323203836 1.2454545511437283 9.073443910658307 31.844570297805646 1 2997.962530875143
0.14398192479783 1.2492370866817155 8.695670430205528e-06 11.18087209716832 2.323203836 1.2492370866817155 9.098175838557996 31.90772304075235 1 2997.970273345725
0.14441691551322028 1.2530196227226171 8.695670430205528e-06 11.195984605433377 2.323203836 1.2530196227226171 9.122880935214212 31.970820219435737 1 2997.977960449976
0.14485190622861055 1.2568021582606044 8.695670430205528e-06 11.211060459968378 2.323203836 1.2568021582606044 9.147559297283177 32.03386196447231 1 2997.9855926864057
0.14528689694400082 1.2605846943015062 0.0 11.226099862009487 2.323203836 1.2605846943015062 9.172211013584118 32.096848484848486 1 2997.993170668547
0.145721887627703 1.2605846943015062 0.0 11.20806724450194 2.323203836 1.2605846943015062 9.19683617554859 9.19683617554859 1 3002.415746276416
0.14615687834309327 1.2605846943015062 0.0 11.190150212735375 2.323203836 1.2605846943015062 9.16731393155695 9.16731393155695 1 3002.4041258593074
0.14659186905848354 1.2605846943015062 0.0 11.172347474486129 2.323203836 1.2605846943015062 9.138027925809823 9.138027925809823 1 3002.3926171668927
0.1470268597738738 1.2605846943015062 0.0 11.154657757654162 2.323203836 1.2605846943015062 9.108975138453502 9.108975138453502 1 3002.3812181679173
0.14746185048926408 1.2605846943015062 0.0 11.137079810263044 2.323203836 1.2605846943015062 9.080152614942529 9.080152614942529 1 3002.3699279025764
0.14789684117296625 1.2605846943015062 0.0 11.11961240189737 2.323203836 1.2605846943015062 9.051557442528736 9.051557442528736 1 3002.3587443956358
0.14833183188835652 1.2605846943015062 0.0 11.102254319390543 2.323203836 1.2605846943015062 9.023186763322885 9.023186763322885 1 3002.3476663507463
0.1487668226037468 1.2605846943015062 0.0 11.085004369699584 2.323203836 1.2605846943015062 8.995037763845351 8.995037763845351 1 3002.3366919356067
0.14920181331913707 1.2605846943015062 0.0 11.06786137703033 2.323203836 1.2605846943015062 8.967107688087776 8.967107688087776 1 3002.32582029512
0.14963680403452734 1.2605846943015062 0.0 11.050824185712234 2.323203836 1.2605846943015062 8.939393816614421 8.939393816614421 1 3002.315049456166
0.1500717947182295 1.2605846943015062 0.0 11.03389165732356 2.323203836 1.2605846943015062 8.911893484848486 8.911893484848486 1 3002.304378278838
0.15050678543361978 1.2605846943015062 0.0 11.01706266925399 2.323203836 1.2605846943015062 8.88460406478579 8.88460406478579 1 3002.2938051542833
0.15094177614901005 1.2605846943015062 0.0 11.000336116142016 2.323203836 1.2605846943015062 8.857522980668758 8.857522980668758 1 3002.2833291614907
0.15137676686440033 1.2605846943015062 0.0 10.98371091274975 2.323203836 1.2605846943015062 8.830647695924766 8.830647695924766 1 3002.272948607818
0.1518117575797906 1.2605846943015062 0.0 10.96718598677591 2.323203836 1.2605846943015062 8.803975715778476 8.803975715778476 1 3002.2626622593207
0.15224674829518087 1.2605846943015062 0.0 10.950760283168032 2.323203836 1.2605846943015062 8.77750458725183 8.77750458725183 1 3002.2524687844207
0.15268173897888307 1.2605846943015062 0.0 10.934432762685066 2.323203836 1.2605846943015062 8.751231899164056 8.751231899164056 1 3002.2423669816676
0.15311672969427334 1.2605846943015062 0.0 10.91820240189737 2.323203836 1.2605846943015062 8.725155282131661 8.725155282131661 1 3002.232355811748
0.15355172040966358 1.2605846943015062 0.0 10.902068191749319 2.323203836 1.2605846943015062 8.699272398119124 8.699272398119124 1 3002.222433725937
0.15398671112505385 1.2605846943015062 0.0 10.886029137559293 2.323203836 1.2605846943015062 8.673580956112854 8.673580956112854 1 3002.2126000426974
0.15442170184044413 1.2605846943015062 0.0 10.870084263331897 2.323203836 1.2605846943015062 8.6480786938349 8.6480786938349 1 3002.202852805535
0.15485669252414633 1.2605846943015062 0.0 10.854232601696134 2.323203836 1.2605846943015062 8.622763396029258 8.622763396029258 1 3002.193191778988
0.1552916832395366 1.2605846943015062 0.0 10.838473202529826 2.323203836 1.2605846943015062 8.59763286833856 8.59763286833856 1 3002.183615019987
0.15572667395492687 1.2605846943015062 0.0 10.822805130084808 2.323203836 1.2605846943015062 8.572684968652037 8.572684968652037 1 3002.1741220255994
0.15616166467031714 1.2605846943015062 0.0 10.807227458674717 2.323203836 1.2605846943015062 8.547917573145247 8.547917573145247 1 3002.164711397393
0.1565966553857074 1.2605846943015062 0.0 10.791739281299412 2.323203836 1.2605846943015062 8.523328605015674 8.523328605015674 1 3002.155382180762
0.1570316460694096 1.2605846943015062 0.0 10.776339699583154 2.323203836 1.2605846943015062 8.498916008359457 8.498916008359457 1 3002.1461329959816
0.15746663678479986 1.2605846943015062 0.0 10.76102782952422 2.323203836 1.2605846943015062 8.474677771682341 8.474677771682341 1 3002.136963331855
0.15790162750019013 1.2605846943015062 0.0 10.745802798620096 2.323203836 1.2605846943015062 8.450611904388715 8.450611904388715 1 3002.1278718967205
0.1583366182155804 1.2605846943015062 0.0 10.730663748742275 2.323203836 1.2605846943015062 8.42671645506792 8.42671645506792 1 3002.118857855791
0.15877160893097067 1.2605846943015062 0.0 10.715609833261464 2.323203836 1.2605846943015062 8.402989493207942 8.402989493207942 1 3002.10991963165
0.15920659961467284 1.2605846943015062 0.0 10.700640215610177 2.323203836 1.2605846943015062 8.379429130094044 8.379429130094044 1 3002.1010569887057
0.15964159033006312 1.2605846943015062 0.0 10.68575407215754 2.323203836 1.2605846943015062 8.356033497910136 8.356033497910136 1 3002.09226879095
0.1600765810454534 1.2605846943015062 0.0 10.670950590771884 2.323203836 1.2605846943015062 8.332800757575757 8.332800757575757 1 3002.0835539197255
0.16051157176084366 1.2605846943015062 0.0 10.656228970820756 2.323203836 1.2605846943015062 8.309729103970742 8.309729103970742 1 3002.074911766614
0.16094656247623393 1.2605846943015062 0.0 10.641588423170907 2.323203836 1.2605846943015062 8.286816752873564 8.286816752873564 1 3002.0663410780608
0.1613815531916242 1.2605846943015062 0.0 10.627028168750899 2.323203836 1.2605846943015062 8.264061951410659 8.264061951410659 1 3002.057841118709
0.16181654387532637 1.2605846943015062 0.0 10.6125474371137 2.323203836 1.2605846943015062 8.241462967607106 8.241462967607106 1 3002.04941094895
0.16225153459071665 1.2605846943015062 0.0 10.598145473623688 2.323203836 1.2605846943015062 8.219018106060606 8.219018106060606 1 3002.0410498525134
0.16268652530610692 1.2605846943015062 0.0 10.583821527957454 2.323203836 1.2605846943015062 8.196725684430513 8.196725684430513 1 3002.032756841463
0.1631215160214972 1.2605846943015062 0.0 10.56957486416559 2.323203836 1.2605846943015062 8.174584054336469 8.174584054336469 1 3002.024531154753
0.16355650673688746 1.2605846943015062 0.0 10.555404753485698 2.323203836 1.2605846943015062 8.152591588296762 8.152591588296762 1 3002.016372102919
0.16399149742058966 1.2605846943015062 0.0 10.541310480091994 2.323203836 1.2605846943015062 8.130746682340648 8.130746682340648 1 3002.008278506333
0.16442648813597993 1.2605846943015062 0.0 10.527291332470893 2.323203836 1.2605846943015062 8.10904775862069 8.10904775862069 1 3002.000250180311
0.1648614788513702 1.2605846943015062 0.0 10.513346616357627 2.323203836 1.2605846943015062 8.087493257575758 8.087493257575758 1 3001.99228538597
0.16529646956676047 1.2605846943015062 0.0 10.499475637487423 2.323203836 1.2605846943015062 8.066081650992686 8.066081650992686 1 3001.9843845146584
0.16573146028215074 1.2605846943015062 0.0 10.48567771884433 2.323203836 1.2605846943015062 8.04481142371996 8.04481142371996 1 3001.976545948555
0.16616645096585292 1.2605846943015062 0.0 10.471952187724595 2.323203836 1.2605846943015062 8.023681089341693 8.023681089341693 1 3001.9687693779492
0.1666014416812432 1.2605846943015062 0.0 10.458298380048872 2.323203836 1.2605846943015062 8.002689177115988 8.002689177115988 1 3001.9610539858386
0.16703643239663346 1.2605846943015062 0.0 10.44471564467443 2.323203836 1.2605846943015062 7.9818342424242426 7.9818342424242426 1 3001.9533988190997
0.16747142311202373 1.2605846943015062 0.0 10.431203333333334 2.323203836 1.2605846943015062 7.961114861546499 7.961114861546499 1 3001.945803761003
0.167906413827414 1.2605846943015062 0.0 10.417760810694265 2.323203836 1.2605846943015062 7.940529623824452 7.940529623824452 1 3001.9382673610203
0.16834140451111618 1.2605846943015062 0.0 10.404387445738106 2.323203836 1.2605846943015062 7.920077144723094 7.920077144723094 1 3001.930789318041
0.16877639522650645 1.2605846943015062 0.0 10.391082618944948 2.323203836 1.2605846943015062 7.8997560606060615 7.8997560606060615 1 3001.9233689711846
0.16921138594189672 1.2605846943015062 0.0 10.37784571798189 2.323203836 1.2605846943015062 7.879565026123303 7.879565026123303 1 3001.9160056869937
0.169646376657287 1.2605846943015062 0.0 10.364676134828231 2.323203836 1.2605846943015062 7.859502708986417 7.859502708986417 1 3001.908698790023
0.17008136737267726 1.2605846943015062 0.0 10.351573275837287 2.323203836 1.2605846943015062 7.839567803030303 7.839567803030303 1 3001.9014473637694
0.17051635808806753 1.2605846943015062 0.0 10.33853654736237 2.323203836 1.2605846943015062 7.819759015151516 7.819759015151516 1 3001.894251100107
0.1709513487717697 1.2605846943015062 0.0 10.325565370130803 2.323203836 1.2605846943015062 7.800075075757576 7.800075075757576 1 3001.887109228712
0.17138633948715998 1.2605846943015062 0.0 10.312659166307316 2.323203836 1.2605846943015062 7.78051472570533 7.78051472570533 1 3001.8800211531066
0.17182133020255025 1.2605846943015062 0.0 10.299817369555843 2.323203836 1.2605846943015062 7.761076729362592 7.761076729362592 1 3001.872986256503
0.17225632091794052 1.2605846943015062 0.0 10.287039417852522 2.323203836 1.2605846943015062 7.741759866771161 7.741759866771161 1 3001.8660042064826
0.1726913116333308 1.2605846943015062 0.0 10.274324756360501 2.323203836 1.2605846943015062 7.722562928422153 7.722562928422153 1 3001.8590740401323
0.17312630231703297 1.2605846943015062 0.0 10.26167284030473 2.323203836 1.2605846943015062 7.703484730929991 7.703484730929991 1 3001.852195274486
0.17356129303242324 1.2605846943015062 0.0 10.249083127784965 2.323203836 1.2605846943015062 7.684524101358413 7.684524101358413 1 3001.845367448603
0.1739962837478135 1.2605846943015062 0.0 10.23655508552537 2.323203836 1.2605846943015062 7.665679882445142 7.665679882445142 1 3001.838589799947
0.17443127446320378 1.2605846943015062 0.0 10.224088185999713 2.323203836 1.2605846943015062 7.646950937826542 7.646950937826542 1 3001.8318622082325
0.17486626517859405 1.2605846943015062 0.0 10.211681908868766 2.323203836 1.2605846943015062 7.628336136363637 7.628336136363637 1 3001.825183460118
0.17530125586229625 1.2605846943015062 0.0 10.199335738105505 2.323203836 1.2605846943015062 7.609834370428423 7.609834370428423 1 3001.8185534735035
0.17573624657768652 1.2605846943015062 0.0 10.187049166307316 2.323203836 1.2605846943015062 7.5914445480668755 7.5914445480668755 1 3001.811971909838
0.1761712372930768 1.2605846943015062 0.0 10.17482169325859 2.323203836 1.2605846943015062 7.573165582549635 7.573165582549635 1 3001.805437359883
0.17660622800846706 1.2605846943015062 0.0 10.162652818743712 2.323203836 1.2605846943015062 7.554996413270637 7.554996413270637 1 3001.7989504790958
0.17704121872385734 1.2605846943015062 0.0 10.150542055483687 2.323203836 1.2605846943015062 7.536935984848485 7.536935984848485 1 3001.792510023204
0.1774762094075595 1.2605846943015062 0.0 10.138488919074314 2.323203836 1.2605846943015062 7.518983260188088 7.518983260188088 1 3001.7861156344597
0.17791120012294978 1.2605846943015062 0.0 10.126492929423602 2.323203836 1.2605846943015062 7.501137212643679 7.501137212643679 1 3001.7797668620124
0.17834619083834005 1.2605846943015062 0.0 10.114553615063965 2.323203836 1.2605846943015062 7.48339683124347 7.48339683124347 1 3001.773463052879
0.17878118155373032 1.2605846943015062 0.0 10.102670507402616 2.323203836 1.2605846943015062 7.465761118077325 7.465761118077325 1 3001.7672039529048
0.1792161722691206 1.2605846943015062 0.0 10.09084314503378 2.323203836 1.2605846943015062 7.4482290882967614 7.4482290882967614 1 3001.7609890766853
0.17965116298451086 1.2605846943015062 0.0 10.079071070863879 2.323203836 1.2605846943015062 7.430799767502614 7.430799767502614 1 3001.754817879408
0.18008615366821304 1.2605846943015062 0.0 10.067353834986346 2.323203836 1.2605846943015062 7.413472196969698 7.413472196969698 1 3001.7486898641528
0.1805211443836033 1.2605846943015062 0.0 10.055690990369413 2.323203836 1.2605846943015062 7.396245428422153 7.396245428422153 1 3001.742604706114
0.18095613509899358 1.2605846943015062 0.0 10.044082097168321 2.323203836 1.2605846943015062 7.379118526645768 7.379118526645768 1 3001.7365618822005
0.18139112581438385 1.2605846943015062 0.0 10.03252671841311 2.323203836 1.2605846943015062 7.362090566875654 7.362090566875654 1 3001.7305610575277
0.18182611652977412 1.2605846943015062 0.0 10.021024424320828 2.323203836 1.2605846943015062 7.345160637408569 7.345160637408569 1 3001.7246017147963
0.1822611072134763 1.2605846943015062 0.0 10.00957479085813 2.323203836 1.2605846943015062 7.328327834378266 7.328327834378266 1 3001.718682842524
0.18269609792886657 1.2605846943015062 0.0 9.998177393991664 2.323203836 1.2605846943015062 7.311591274817138 7.311591274817138 1 3001.7128051415743
0.18313108864425684 1.2605846943015062 0.0 9.986831818312492 2.323203836 1.2605846943015062 7.294950075757576 7.294950075757576 1 3001.7069676022834
0.1835660793596471 1.2605846943015062 0.0 9.975537654161277 2.323203836 1.2605846943015062 7.2784033699059565 7.2784033699059565 1 3001.7011695442866
0.18400107007503738 1.2605846943015062 0.0 9.964294494753487 2.323203836 1.2605846943015062 7.2619503056426336 7.2619503056426336 1 3001.695411061612
0.18443606075873958 1.2605846943015062 0.0 9.953101936179388 2.323203836 1.2605846943015062 7.245590031347963 7.245590031347963 1 3001.689691413851
0.18487105147412985 1.2605846943015062 0.0 9.941959581716258 2.323203836 1.2605846943015062 7.229321716300941 7.229321716300941 1 3001.684010540768
